/*********************************************
 * OPL 12.6.0.0 Data
 * Author: WIN27
 * Creation Date: 13 avril 2022 at 17:39:19
 *********************************************/
n = 49;
rue=	[[1, 2],		
        [1, 3],
		[2, 41],
		[2, 39],
		[3, 11],
		[4, 5],
		[4, 6],
		[4, 9],
		[6, 7],
		[6, 8],
		[9, 10],
		[11, 21],
		[12, 13],
		[12, 15],
		[13, 14],
		[14, 15],
		[14, 18],
		[15, 19],
		[16, 20],
		[17, 18],
		[18, 19],
		[19, 20],
		[20, 21],
		[21, 22],
		[22, 25],
		[22, 23],
		[23, 32],
		[24, 25],
		[25, 26],
		[25, 30],
		[26, 27],
		[26, 28],
		[28, 29],
		[30, 31],
		[31, 32],
		[31, 33],
		[32, 38],
		[33, 34],
		[33, 37],
		[34, 35],
		[35, 36],
		[37, 43],
		[37, 38],
		[38, 40],
		[39, 40],
		[40, 41],
		[41, 42],
		[43, 44],
		[44, 49],
		[44, 45],
		[45, 47],
		[47, 48],
		[46, 46]];